4.9960036108132044e-15
-4.1078251911130792e-15
-3.8857805861880479e-15
-5.1070259132757201e-15
-1.2323475573339238e-14
-8.2156503822261584e-15
3.836930773104541e-13
1.0000000000088676
-7.8443918027915061e-12
-1.1657341758564144e-14
-4.4408920985006262e-15
4.4408920985006262e-16
-1.7652546091539989e-14
-4.5830006456526462e-13
-3.943512183468556e-13
-1.0658141036401503e-13
-1.2789769243681803e-13
-4.7251091928046662e-13
-2.0605739337042905e-13
-3.5527136788005009e-15
9.2370555648813024e-14
-4.7961634663806763e-13
-2.5934809855243657e-13
-7.460698725481052e-14
-3.836930773104541e-13
-3.836930773104541e-13
1.9539925233402755e-13
-1.7408297026122455e-13
-5.3645976549887564e-13
-2.9132252166164108e-13
2.8421709430404007e-14
-1.7763568394002505e-14
2.4158453015843406e-13
-4.6185277824406512e-14
-1.7763568394002505e-14
-2.2382096176443156e-13
-6.7501559897209518e-14
-1.6697754290362354e-13
-2.8776980798284058e-13
3.1619151741324458e-13
-3.3395508580724709e-13
-3.0908609005564358e-13
-7.815970093361102e-14
-4.7961634663806763e-13
-4.0145664570445661e-13
-1.3855583347321954e-13
-4.2632564145606011e-14
-3.4461322684364859e-13
-1.8829382497642655e-13
1.4210854715202004e-14
-5.2580162446247414e-13
-3.4106051316484809e-13
-2.8066438062523957e-13
1.0000000000000111
7.4578565545380116e-11
